回別	抽選日	本数字1	本数字2	本数字3	本数字4	本数字5	本数字6	本数字7	bonus数字1	bonus数字2
第688回	2026-07-31	4	21	25	28	30	35	37	12	16
第687回	2026-07-24	15	22	23	24	25	29	36	35	37
第686回	2026-07-17	1	3	16	18	32	34	35	2	15
第685回	2026-07-10	1	5	16	20	21	22	31	23	36
第684回	2026-07-03	8	14	17	19	20	32	36	21	25
第683回	2026-06-26	11	21	22	25	28	29	36	8	32
第682回	2026-06-19	11	14	17	23	28	30	36	12	20
第681回	2026-06-12	1	10	12	13	19	33	35	14	37
第680回	2026-06-05	9	10	22	26	27	31	36	20	29
第679回	2026-05-29	6	8	9	18	22	24	35	4	20
第678回	2026-05-22	2	6	12	15	24	26	34	18	20
第677回	2026-05-15	5	6	7	8	15	17	19	1	33
第676回	2026-05-08	2	6	15	19	20	22	27	31	33
第675回	2026-05-01	5	8	16	18	24	28	31	6	23
第674回	2026-04-24	1	6	7	9	12	22	26	8	14
第673回	2026-04-17	6	9	10	12	16	24	32	17	19
第672回	2026-04-10	7	11	15	16	17	24	33	6	9
第671回	2026-04-03	7	13	16	22	28	33	36	2	25
第670回	2026-03-27	3	4	9	10	18	21	37	15	23
第669回	2026-03-20	3	5	6	7	9	13	16	11	23
第668回	2026-03-13	1	8	11	14	18	22	29	19	35
第667回	2026-03-06	9	13	20	22	28	29	33	21	23
第666回	2026-02-27	2	17	18	22	23	25	33	16	34
第665回	2026-02-20	6	8	14	19	22	25	35	12	17
第664回	2026-02-13	3	6	8	14	21	22	31	17	37
第663回	2026-02-06	4	6	10	11	13	17	23	25	32
第662回	2026-01-30	4	14	15	21	22	24	37	5	20
第661回	2026-01-23	7	12	17	22	31	34	35	20	32
第660回	2026-01-16	4	6	12	13	16	17	31	14	20
第659回	2026-01-09	2	8	9	14	27	34	36	5	18
第658回	2025-12-26	10	12	16	18	19	22	37	11	20
第657回	2025-12-19	9	11	16	23	27	29	32	6	24
第656回	2025-12-12	1	4	6	20	30	34	37	14	25
第655回	2025-12-05	4	5	12	13	24	26	33	3	14
第654回	2025-11-28	3	12	25	29	30	32	33	28	31
第653回	2025-11-21	6	7	12	25	26	30	33	13	15
第652回	2025-11-14	1	16	21	26	27	30	35	6	37
第651回	2025-11-07	2	13	19	20	24	26	35	29	36
第650回	2025-10-31	1	8	10	14	25	33	35	12	21
第649回	2025-10-24	12	22	23	26	33	35	37	2	21
第648回	2025-10-17	3	17	19	24	28	29	35	7	13
第647回	2025-10-10	4	5	9	13	17	22	28	18	31
第646回	2025-10-03	5	12	13	15	18	35	37	11	29
第645回	2025-09-26	7	10	16	20	26	32	35	24	33
第644回	2025-09-19	1	11	12	14	20	26	29	2	5
第643回	2025-09-12	1	5	15	16	18	27	34	19	22
第642回	2025-09-05	1	7	22	23	33	34	35	2	24
第641回	2025-08-29	1	3	7	23	24	33	36	17	30
第640回	2025-08-22	2	7	9	12	13	14	29	15	30
第639回	2025-08-15	5	9	12	15	30	31	34	13	29
第638回	2025-08-08	1	6	18	19	35	36	37	11	24
第637回	2025-08-01	1	4	7	8	9	20	21	11	30
第636回	2025-07-25	10	14	17	20	26	27	29	3	11
第635回	2025-07-18	10	12	20	29	30	31	34	4	15
第634回	2025-07-11	2	12	18	29	32	36	37	5	21
第633回	2025-07-04	2	5	10	17	21	31	36	20	32
第632回	2025-06-27	5	7	10	11	29	31	37	13	25
第631回	2025-06-20	2	3	6	17	33	35	36	25	37
第630回	2025-06-13	4	6	8	23	28	29	34	10	19
第629回	2025-06-06	2	7	9	21	23	24	30	22	29
第628回	2025-05-30	1	8	9	11	18	27	35	16	34
第627回	2025-05-23	9	15	21	30	33	34	37	10	35
第626回	2025-05-16	1	3	7	12	17	32	34	14	30
第625回	2025-05-09	3	10	12	18	19	24	32	4	15
第624回	2025-05-02	2	14	15	26	27	34	36	9	24
第623回	2025-04-25	9	12	22	26	28	31	37	7	30
第622回	2025-04-18	1	10	28	29	30	33	34	21	27
第621回	2025-04-11	1	2	12	13	14	30	36	9	24
第620回	2025-04-04	2	4	8	10	12	29	32	6	13
第619回	2025-03-28	8	9	18	20	27	29	32	7	12
第618回	2025-03-21	7	17	20	23	24	34	36	25	35
第617回	2025-03-14	2	6	10	12	25	28	35	27	31
第616回	2025-03-07	7	15	20	28	29	34	36	1	35
第615回	2025-02-28	4	11	21	26	27	28	33	10	13
第614回	2025-02-21	14	21	22	23	24	28	34	5	37
第613回	2025-02-14	3	5	6	10	19	21	35	13	27
第612回	2025-02-07	5	13	16	23	27	31	34	26	33
第611回	2025-01-31	7	8	11	18	20	30	34	5	14
第610回	2025-01-24	1	8	9	23	24	31	36	21	28
第609回	2025-01-17	4	11	12	23	26	32	37	1	9
第608回	2025-01-10	7	10	11	18	20	29	30	32	36
第607回	2024-12-27	12	14	20	27	31	34	37	19	21
第606回	2024-12-20	9	17	18	20	22	27	36	25	37
第605回	2024-12-13	2	8	15	26	28	31	32	19	24
第604回	2024-12-06	4	6	9	12	25	31	36	27	30
第603回	2024-11-29	4	9	10	23	28	30	34	18	31
第602回	2024-11-22	7	15	18	24	29	31	34	5	25
第601回	2024-11-15	4	8	18	20	29	35	37	19	34
第600回	2024-11-08	1	2	12	16	19	29	32	9	37
第599回	2024-11-01	4	7	16	19	26	31	33	25	29
第598回	2024-10-25	1	4	7	11	12	18	26	3	33
第597回	2024-10-18	2	4	14	15	22	27	34	1	5
第596回	2024-10-11	1	9	16	19	23	29	32	5	37
第595回	2024-10-04	14	15	16	19	25	28	33	6	29
第594回	2024-09-27	5	12	21	25	27	34	36	10	32
第593回	2024-09-20	3	8	9	14	15	22	32	1	12
第592回	2024-09-13	3	8	11	15	19	24	32	14	30
第591回	2024-09-06	4	7	8	11	21	23	35	10	24
第590回	2024-08-30	1	3	9	10	15	25	35	19	28
第589回	2024-08-23	1	6	8	9	14	29	33	5	23
第588回	2024-08-16	3	5	9	13	15	21	31	12	17
第587回	2024-08-09	15	18	21	22	23	25	32	1	30
第586回	2024-08-02	1	2	4	14	15	22	23	13	36
第585回	2024-07-26	6	11	13	14	16	27	34	12	25
第584回	2024-07-19	10	11	12	17	23	30	36	20	21
第583回	2024-07-12	1	5	8	9	20	30	37	11	26
第582回	2024-07-05	5	7	22	29	30	32	36	3	33
第581回	2024-06-28	3	8	10	15	18	23	37	17	24
第580回	2024-06-21	4	13	14	15	17	27	33	2	11
第579回	2024-06-14	7	19	23	33	34	35	36	5	10
第578回	2024-06-07	2	15	19	20	22	31	36	13	23
第577回	2024-05-31	11	13	19	25	29	36	37	18	30
第576回	2024-05-24	11	13	14	18	19	23	31	7	27
第575回	2024-05-17	2	12	18	20	25	28	30	9	23
第574回	2024-05-10	4	5	13	16	22	23	35	36	37
第573回	2024-05-03	11	12	18	19	23	26	31	15	25
第572回	2024-04-26	1	2	4	19	21	26	28	3	25
第571回	2024-04-19	13	26	27	29	30	34	37	2	23
第570回	2024-04-12	1	3	9	12	25	26	35	29	31
第569回	2024-04-05	12	15	17	22	30	34	35	5	9
第568回	2024-03-29	8	18	20	29	30	33	34	5	23
第567回	2024-03-22	6	8	16	18	19	34	37	15	30
第566回	2024-03-15	3	5	18	25	28	35	37	7	8
第565回	2024-03-08	3	6	9	11	19	30	36	1	33
第564回	2024-03-01	9	13	15	18	22	24	30	6	27
第563回	2024-02-23	1	4	6	14	16	19	31	12	18
第562回	2024-02-16	2	14	15	20	28	30	34	3	4
第561回	2024-02-09	6	8	19	20	27	32	37	13	33
第560回	2024-02-02	3	20	29	32	33	34	35	2	24
第559回	2024-01-26	3	4	10	13	15	18	22	2	16
第558回	2024-01-19	15	20	21	22	23	26	34	6	10
第557回	2024-01-12	3	5	7	10	17	18	35	2	21
第556回	2024-01-05	17	20	26	28	29	33	35	1	6
第555回	2023-12-29	9	12	17	19	26	32	34	11	22
第554回	2023-12-22	4	10	15	17	29	32	36	13	30
第553回	2023-12-15	2	6	13	15	16	20	33	9	28
第552回	2023-12-08	7	11	12	16	18	33	34	1	14
第551回	2023-12-01	15	16	17	22	29	32	37	23	24
第550回	2023-11-24	7	8	13	22	24	29	30	10	35
第549回	2023-11-17	13	19	20	28	33	34	35	4	32
第548回	2023-11-10	1	13	16	17	18	25	30	20	34
第547回	2023-11-03	4	11	14	18	23	25	29	17	32
第546回	2023-10-27	7	14	17	28	33	35	36	13	27
第545回	2023-10-20	3	12	16	17	27	30	34	15	37
第544回	2023-10-13	10	11	18	21	22	29	34	4	32
第543回	2023-10-06	2	11	13	18	23	24	36	17	26
第542回	2023-09-29	2	9	26	31	33	35	36	15	20
第541回	2023-09-22	6	14	23	25	27	28	34	19	37
第540回	2023-09-15	3	7	10	18	19	28	36	13	26
第539回	2023-09-08	4	6	8	18	20	27	35	24	26
第538回	2023-09-01	1	2	11	12	16	25	28	6	22
第537回	2023-08-25	2	3	9	13	14	35	37	4	17
第536回	2023-08-18	8	12	16	17	22	28	34	9	37
第535回	2023-08-11	5	11	12	19	29	32	36	9	26
第534回	2023-08-04	10	17	18	19	20	24	25	30	32
第533回	2023-07-28	2	4	9	11	14	25	37	29	32
第532回	2023-07-21	4	9	13	18	26	28	36	8	16
第531回	2023-07-14	4	6	9	11	14	28	30	10	12
第530回	2023-07-07	1	11	13	28	29	30	34	23	27
第529回	2023-06-30	7	9	13	14	22	26	29	10	21
第528回	2023-06-23	5	7	10	19	30	32	33	1	17
第527回	2023-06-16	4	8	12	25	27	32	34	15	17
第526回	2023-06-09	4	13	17	19	20	26	29	2	28
第525回	2023-06-02	11	14	17	18	21	25	31	1	27
第524回	2023-05-26	4	17	22	27	29	31	34	3	37
第523回	2023-05-19	3	17	19	27	28	32	35	2	34
第522回	2023-05-12	1	10	12	19	22	25	37	2	34
第521回	2023-05-05	21	24	25	27	30	33	36	3	31
第520回	2023-04-28	9	22	25	28	33	34	37	15	16
第519回	2023-04-21	1	2	8	14	17	21	34	20	26
第518回	2023-04-14	5	8	11	24	30	32	36	4	35
第517回	2023-04-07	3	6	10	16	26	29	31	7	24
第516回	2023-03-31	7	12	15	16	18	25	36	9	19
第515回	2023-03-24	3	15	17	22	26	27	28	6	8
第514回	2023-03-17	1	5	10	17	20	27	37	3	22
第513回	2023-03-10	1	4	10	13	15	19	37	16	20
第512回	2023-03-03	5	7	17	22	25	26	28	3	23
第511回	2023-02-24	1	9	14	24	28	36	37	16	31
第510回	2023-02-17	3	5	9	11	17	33	37	4	22
第509回	2023-02-10	10	14	22	26	27	32	33	20	37
第508回	2023-02-03	1	5	6	9	16	26	31	25	33
第507回	2023-01-27	4	19	25	26	30	32	36	1	15
第506回	2023-01-20	8	14	19	22	29	31	37	3	21
第505回	2023-01-13	9	10	12	15	16	28	36	1	23
第504回	2023-01-06	1	3	4	5	6	29	31	11	14
第503回	2022-12-30	5	7	8	13	23	26	33	31	37
第502回	2022-12-23	1	2	12	17	21	22	33	4	30
第501回	2022-12-16	1	2	4	7	12	14	31	30	33
第500回	2022-12-09	17	18	24	30	31	32	35	6	36
第499回	2022-12-02	5	9	14	18	27	32	34	6	12
第498回	2022-11-25	6	8	12	20	21	24	29	4	18
第497回	2022-11-18	18	20	24	26	27	30	33	17	19
第496回	2022-11-11	5	8	15	18	25	27	36	10	26
第495回	2022-11-04	2	16	19	20	22	33	36	6	32
第494回	2022-10-28	7	9	12	22	28	29	32	17	19
第493回	2022-10-21	5	13	14	20	21	25	31	9	36
第492回	2022-10-14	7	10	12	15	23	31	37	9	18
第491回	2022-10-07	3	14	17	21	22	32	35	6	30
第490回	2022-09-30	12	14	18	21	23	29	37	7	15
第489回	2022-09-23	3	6	7	15	25	29	31	8	14
第488回	2022-09-16	3	13	16	18	19	20	35	2	11
第487回	2022-09-09	9	10	13	15	26	34	37	22	36
第486回	2022-09-02	8	13	15	23	24	31	35	14	19
第485回	2022-08-26	4	6	17	20	22	24	26	8	9
第484回	2022-08-19	1	4	6	9	13	22	31	29	30
第483回	2022-08-12	2	11	20	23	25	36	37	29	34
第482回	2022-08-05	2	5	14	15	17	19	36	8	34
第481回	2022-07-29	1	10	13	14	16	25	27	5	21
第480回	2022-07-22	10	13	19	21	26	30	36	22	34
第479回	2022-07-15	8	11	13	18	24	30	31	21	23
第478回	2022-07-08	6	8	11	13	16	20	32	12	34
第477回	2022-07-01	2	5	9	19	25	32	37	7	29
第476回	2022-06-24	4	7	9	15	22	24	31	21	37
第475回	2022-06-17	1	2	22	24	26	31	37	12	19
第474回	2022-06-10	3	17	19	21	24	32	34	27	28
第473回	2022-06-03	6	11	21	24	28	33	37	8	27
第472回	2022-05-27	5	7	8	32	33	34	36	4	6
第471回	2022-05-20	3	5	7	8	11	19	34	17	32
第470回	2022-05-13	2	3	9	16	27	32	36	1	34
第469回	2022-05-06	1	6	8	13	16	30	33	23	28
第468回	2022-04-29	3	12	15	16	25	29	37	26	28
第467回	2022-04-22	7	8	11	13	14	26	30	31	34
第466回	2022-04-15	5	6	8	14	15	25	29	18	33
第465回	2022-04-08	1	4	5	13	27	31	35	15	22
第464回	2022-04-01	7	8	13	17	30	32	36	1	10
第463回	2022-03-25	3	7	13	16	19	24	30	6	10
第462回	2022-03-18	7	11	24	27	29	34	35	4	18
第461回	2022-03-11	2	13	19	22	32	35	37	14	33
第460回	2022-03-04	5	6	9	23	27	28	30	4	13
第459回	2022-02-25	2	4	7	8	10	20	29	14	33
第458回	2022-02-18	7	11	12	14	19	21	33	6	37
第457回	2022-02-11	7	14	19	27	31	35	36	9	33
第456回	2022-02-04	9	15	17	18	22	25	31	33	36
第455回	2022-01-28	1	5	8	15	18	26	36	33	34
第454回	2022-01-21	8	17	21	26	27	29	31	1	33
第453回	2022-01-14	2	8	10	21	24	26	35	9	13
第452回	2022-01-07	5	17	20	21	31	34	35	8	27
第451回	2021-12-24	2	15	22	25	28	33	37	10	17
第450回	2021-12-17	2	7	12	15	21	23	30	9	31
第449回	2021-12-10	2	21	26	27	32	33	34	8	9
第448回	2021-12-03	7	21	24	29	32	36	37	22	27
第447回	2021-11-26	3	5	8	13	26	30	37	25	28
第446回	2021-11-19	1	7	9	12	15	29	32	11	28
第445回	2021-11-12	4	22	25	27	28	30	33	2	3
第444回	2021-11-05	11	15	16	17	18	27	29	25	33
第443回	2021-10-29	1	5	8	26	28	32	36	23	24
第442回	2021-10-22	6	13	14	16	19	30	32	25	36
第441回	2021-10-15	15	21	22	23	27	28	37	8	25
第440回	2021-10-08	5	10	17	18	19	22	32	14	35
第439回	2021-10-01	1	3	6	9	26	29	31	14	18
第438回	2021-09-24	4	13	16	21	32	34	37	27	33
第437回	2021-09-17	8	10	14	15	23	25	26	1	11
第436回	2021-09-10	5	6	21	22	26	31	32	18	36
第435回	2021-09-03	3	5	7	11	15	17	25	13	32
第434回	2021-08-27	10	11	12	17	29	34	37	26	30
第433回	2021-08-20	14	17	20	25	32	33	36	10	34
第432回	2021-08-13	5	10	13	24	29	30	35	21	31
第431回	2021-08-06	7	11	12	17	19	20	26	2	3
第430回	2021-07-30	2	12	17	24	28	30	32	3	27
第429回	2021-07-23	6	11	14	27	30	32	35	18	24
第428回	2021-07-16	3	6	16	22	31	34	35	24	32
第427回	2021-07-09	11	13	26	27	31	33	37	9	18
第426回	2021-07-02	1	2	6	8	30	31	33	13	35
第425回	2021-06-25	2	9	14	20	22	34	35	7	24
第424回	2021-06-18	5	6	12	19	25	30	35	26	33
第423回	2021-06-11	1	7	9	11	29	31	32	2	6
第422回	2021-06-04	1	9	21	23	30	35	36	5	6
第421回	2021-05-28	9	15	18	26	28	32	37	21	36
第420回	2021-05-21	4	5	11	13	24	32	34	2	3
第419回	2021-05-14	3	11	14	21	26	29	34	22	33
第418回	2021-05-07	10	13	17	18	22	28	37	1	20
第417回	2021-04-30	4	5	13	18	23	27	32	9	11
第416回	2021-04-23	8	9	10	15	16	30	31	29	36
第415回	2021-04-16	4	8	12	13	23	32	37	16	35
第414回	2021-04-09	3	8	16	21	25	36	37	14	20
第413回	2021-04-02	3	10	16	18	19	34	35	27	36
第412回	2021-03-26	14	20	22	29	31	33	34	15	24
第411回	2021-03-19	4	11	12	21	23	27	36	9	14
第410回	2021-03-12	1	2	18	21	26	29	37	9	36
第409回	2021-03-05	13	15	16	24	30	31	37	12	33
第408回	2021-02-26	16	18	19	21	29	30	35	14	28
第407回	2021-02-19	19	21	25	26	28	30	31	9	16
第406回	2021-02-12	1	2	5	16	18	21	29	24	25
第405回	2021-02-05	3	10	16	17	24	32	36	11	29
第404回	2021-01-29	4	8	13	16	25	30	32	9	26
第403回	2021-01-22	2	6	8	12	19	20	29	5	26
第402回	2021-01-15	7	9	12	17	20	26	29	4	13
第401回	2021-01-08	4	5	9	14	18	30	35	25	34
第400回	2020-12-25	4	17	22	28	30	31	35	25	34
第399回	2020-12-18	7	15	19	20	21	33	36	4	10
第398回	2020-12-11	3	4	10	17	20	22	33	1	6
第397回	2020-12-04	4	12	13	15	21	28	37	7	20
第396回	2020-11-27	2	3	5	8	16	20	34	26	31
第395回	2020-11-20	1	2	5	20	26	29	32	8	9
第394回	2020-11-13	6	10	22	23	27	32	33	8	19
第393回	2020-11-06	7	14	15	22	27	30	31	9	32
第392回	2020-10-30	1	4	6	15	20	22	26	18	21
第391回	2020-10-23	10	23	27	32	33	35	37	24	26
第390回	2020-10-16	3	6	19	21	23	26	27	30	34
第389回	2020-10-09	1	6	11	13	18	24	27	17	23
第388回	2020-10-02	1	6	8	10	18	21	32	13	28
第387回	2020-09-25	3	7	13	22	30	32	37	14	15
第386回	2020-09-18	9	19	22	32	35	36	37	7	21
第385回	2020-09-11	4	12	14	24	29	34	35	5	15
第384回	2020-09-04	3	7	15	18	26	30	31	9	33
第383回	2020-08-28	8	11	15	22	26	28	30	10	20
第382回	2020-08-21	2	3	5	8	19	22	37	16	28
第381回	2020-08-14	4	8	25	26	27	31	32	9	22
第380回	2020-08-07	8	14	24	25	32	34	36	13	16
第379回	2020-07-31	3	8	15	22	24	29	35	18	26
第378回	2020-07-24	1	5	9	10	14	15	29	20	28
第377回	2020-07-17	6	7	10	17	25	33	36	27	32
第376回	2020-07-10	6	11	14	17	23	31	37	10	15
第375回	2020-07-03	13	15	18	19	23	27	32	34	35
第374回	2020-06-26	4	5	9	10	18	27	35	15	34
第373回	2020-06-19	2	3	17	18	22	23	31	4	30
第372回	2020-06-12	6	8	22	23	32	33	36	9	27
第371回	2020-06-05	1	3	4	8	11	21	25	12	23
第370回	2020-05-29	7	10	16	25	26	33	34	24	35
第369回	2020-05-22	1	7	9	11	15	31	34	6	33
第368回	2020-05-15	7	8	9	13	21	34	35	3	20
第367回	2020-05-08	8	14	19	20	29	30	31	7	35
第366回	2020-05-01	10	24	25	26	27	33	36	4	23
第365回	2020-04-24	1	4	13	14	16	22	35	10	23
第364回	2020-04-17	3	9	10	14	16	20	27	19	33
第363回	2020-04-10	13	15	17	22	26	34	36	3	19
第362回	2020-04-03	4	7	8	14	22	24	27	13	26
第361回	2020-03-27	5	9	16	20	29	33	35	2	8
第360回	2020-03-20	9	11	13	14	20	22	37	15	17
第359回	2020-03-13	4	7	11	17	19	26	35	1	24
第358回	2020-03-06	5	13	14	26	32	33	34	8	11
第357回	2020-02-28	5	8	12	13	14	24	30	27	35
第356回	2020-02-21	4	16	20	30	33	34	36	19	21
第355回	2020-02-14	4	6	9	10	23	27	33	14	31
第354回	2020-02-07	1	2	8	10	13	25	31	23	35
第353回	2020-01-31	11	15	22	23	24	29	33	19	34
第352回	2020-01-24	3	4	14	18	26	30	32	28	34
第351回	2020-01-17	8	13	17	19	23	25	28	5	16
第350回	2020-01-10	10	19	21	23	24	30	37	2	28
第349回	2019-12-27	4	10	11	15	18	22	34	16	32
第348回	2019-12-20	2	5	17	18	19	20	33	1	24
第347回	2019-12-13	3	6	11	13	18	20	34	25	35
第346回	2019-12-06	11	16	18	23	30	31	35	3	27
第345回	2019-11-29	6	9	10	18	28	31	32	24	35
第344回	2019-11-22	11	19	28	29	31	32	37	12	21
第343回	2019-11-15	17	19	22	29	30	31	32	11	16
第342回	2019-11-08	3	6	24	28	32	35	36	4	8
第341回	2019-11-01	4	11	17	27	29	31	36	19	24
第340回	2019-10-25	6	14	17	26	27	30	36	12	28
第339回	2019-10-18	11	15	18	20	23	25	32	9	37
第338回	2019-10-11	7	9	16	17	23	27	34	15	36
第337回	2019-10-04	5	7	10	12	14	24	35	11	33
第336回	2019-09-27	9	10	13	21	25	31	33	24	37
第335回	2019-09-20	9	10	17	18	22	25	35	13	14
第334回	2019-09-13	3	7	15	16	30	34	35	8	29
第333回	2019-09-06	1	4	10	11	16	24	34	30	32
第332回	2019-08-30	5	7	10	15	24	27	30	3	33
第331回	2019-08-23	5	7	11	12	15	18	20	19	30
第330回	2019-08-16	3	4	10	12	17	18	20	19	32
第329回	2019-08-09	3	10	19	20	26	28	30	15	25
第328回	2019-08-02	3	9	10	14	19	24	30	18	21
第327回	2019-07-26	1	3	13	14	16	30	31	2	17
第326回	2019-07-19	1	2	17	18	24	27	29	12	32
第325回	2019-07-12	4	14	17	18	21	31	33	6	20
第324回	2019-07-05	9	13	16	17	18	19	20	30	36
第323回	2019-06-28	11	14	15	21	26	34	36	23	27
第322回	2019-06-21	1	10	11	21	26	29	30	14	20
第321回	2019-06-14	15	24	27	28	29	34	35	9	25
第320回	2019-06-07	5	6	18	22	26	33	34	36	37
第319回	2019-05-31	2	6	14	23	28	31	35	19	27
第318回	2019-05-24	4	5	10	12	27	34	36	3	14
第317回	2019-05-17	7	8	14	15	16	20	29	18	19
第316回	2019-05-10	3	9	10	17	30	33	34	6	8
第315回	2019-05-03	3	11	18	26	30	33	37	28	31
第314回	2019-04-26	3	6	8	19	32	34	35	12	30
第313回	2019-04-19	9	13	16	23	28	29	30	1	20
第312回	2019-04-12	1	2	4	18	20	29	34	17	30
第311回	2019-04-05	9	11	18	24	26	27	37	30	33
第310回	2019-03-29	17	25	26	28	31	32	37	6	9
第309回	2019-03-22	1	7	13	14	16	21	22	18	34
第308回	2019-03-15	5	6	11	15	20	32	33	13	25
第307回	2019-03-08	5	8	15	24	25	32	35	20	26
第306回	2019-03-01	12	13	15	22	25	33	35	1	31
第305回	2019-02-22	6	17	23	24	27	28	31	10	18
第304回	2019-02-15	7	9	10	17	28	33	36	18	23
第303回	2019-02-08	4	7	14	17	21	34	37	10	30
第302回	2019-02-01	8	16	26	27	28	32	34	4	25
第301回	2019-01-25	4	11	12	25	27	30	33	5	19
第300回	2019-01-18	4	7	21	31	33	34	35	6	12
第299回	2019-01-11	1	6	10	13	16	26	36	28	30
第298回	2019-01-04	1	3	8	11	18	19	22	26	30
第297回	2018-12-28	2	3	11	16	23	28	36	8	24
第296回	2018-12-21	1	8	10	12	18	28	29	25	27
第295回	2018-12-14	4	5	6	8	9	22	32	13	26
第294回	2018-12-07	3	4	6	10	14	22	29	28	32
第293回	2018-11-30	11	13	15	20	27	29	35	1	7
第292回	2018-11-23	12	15	25	26	27	29	35	24	30
第291回	2018-11-16	1	11	18	19	21	29	37	5	15
第290回	2018-11-09	3	13	22	26	31	32	37	29	35
第289回	2018-11-02	2	7	10	12	16	17	34	23	25
第288回	2018-10-26	1	8	9	16	27	32	37	17	31
第287回	2018-10-19	2	7	10	20	24	29	34	4	8
第286回	2018-10-12	4	5	14	17	18	29	37	27	31
第285回	2018-10-05	11	15	21	26	30	34	35	4	36
第284回	2018-09-28	6	7	10	25	29	30	33	1	31
第283回	2018-09-21	13	14	15	17	23	29	31	10	19
第282回	2018-09-14	10	17	18	25	29	35	36	7	14
第281回	2018-09-07	1	2	17	19	20	22	26	30	36
第280回	2018-08-31	4	9	10	11	24	32	35	2	37
第279回	2018-08-24	7	11	15	17	19	23	31	9	37
第278回	2018-08-17	6	9	14	21	23	33	36	27	28
第277回	2018-08-10	6	7	9	11	21	23	25	1	22
第276回	2018-08-03	3	6	12	17	22	34	35	2	33
第275回	2018-07-27	8	9	15	19	24	25	35	34	37
第274回	2018-07-20	9	14	21	23	25	26	37	7	29
第273回	2018-07-13	13	15	21	23	26	32	34	5	9
第272回	2018-07-06	2	5	8	15	18	26	31	19	25
第271回	2018-06-29	1	9	15	16	19	32	35	14	31
第270回	2018-06-22	1	2	11	13	15	24	25	26	28
第269回	2018-06-15	1	9	15	24	31	33	36	2	26
第268回	2018-06-08	4	5	9	15	29	31	33	26	27
第267回	2018-06-01	8	13	18	20	23	25	26	6	28
第266回	2018-05-25	6	11	15	17	20	27	32	16	22
第265回	2018-05-18	12	13	15	19	21	24	36	10	37
第264回	2018-05-11	8	13	15	17	21	26	29	4	24
第263回	2018-05-04	1	5	11	16	27	35	36	6	14
第262回	2018-04-27	2	6	7	9	19	23	36	5	15
第261回	2018-04-20	4	14	15	17	21	23	26	7	8
第260回	2018-04-13	4	8	12	23	29	31	34	5	6
第259回	2018-04-06	5	6	15	19	22	29	32	4	31
第258回	2018-03-30	1	3	11	20	23	32	35	25	26
第257回	2018-03-23	5	15	16	26	27	32	35	23	28
第256回	2018-03-16	14	21	24	27	30	33	37	19	20
第255回	2018-03-09	1	4	11	13	15	21	32	5	10
第254回	2018-03-02	1	12	14	18	23	24	31	7	26
第253回	2018-02-23	6	7	9	12	15	17	24	26	29
第252回	2018-02-16	8	23	24	25	27	30	31	11	17
第251回	2018-02-09	1	15	20	26	28	34	37	23	30
第250回	2018-02-02	5	9	10	13	26	30	34	18	23
第249回	2018-01-26	9	20	28	29	31	34	37	5	25
第248回	2018-01-19	1	5	6	22	25	27	31	12	18
第247回	2018-01-12	10	12	13	16	34	35	36	11	37
第246回	2018-01-05	3	6	9	19	23	25	31	21	36
第245回	2017-12-29	2	8	9	11	24	26	27	7	36
第244回	2017-12-22	2	9	17	22	32	34	36	11	12
第243回	2017-12-15	6	9	13	18	20	22	30	11	14
第242回	2017-12-08	1	5	13	17	31	32	35	19	24
第241回	2017-12-01	5	11	12	19	21	26	28	4	20
第240回	2017-11-24	9	12	14	24	29	31	35	5	30
第239回	2017-11-17	8	13	17	21	23	28	37	1	14
第238回	2017-11-10	3	21	26	33	34	35	37	23	31
第237回	2017-11-03	3	4	7	19	20	21	29	8	33
第236回	2017-10-27	19	22	23	34	35	36	37	10	30
第235回	2017-10-20	2	9	13	18	21	33	34	3	11
第234回	2017-10-13	7	14	15	16	23	25	30	5	34
第233回	2017-10-06	3	13	17	25	26	27	29	8	37
第232回	2017-09-29	2	4	7	9	15	35	37	10	23
第231回	2017-09-22	4	15	18	24	25	34	36	10	26
第230回	2017-09-15	3	5	8	15	22	25	27	18	31
第229回	2017-09-08	2	3	9	30	33	36	37	1	32
第228回	2017-09-01	6	11	14	21	24	28	31	22	36
第227回	2017-08-25	2	3	7	9	22	23	26	29	30
第226回	2017-08-18	12	17	21	24	26	30	32	10	22
第225回	2017-08-11	13	15	17	18	20	21	26	25	29
第224回	2017-08-04	2	4	7	10	12	29	34	1	21
第223回	2017-07-28	10	13	19	21	26	33	34	24	25
第222回	2017-07-21	3	9	18	21	23	27	29	35	37
第221回	2017-07-14	1	2	9	11	17	30	35	13	36
第220回	2017-07-07	7	9	11	18	25	28	35	20	27
第219回	2017-06-30	6	9	13	14	21	25	31	2	4
第218回	2017-06-23	15	16	17	21	26	29	30	10	34
第217回	2017-06-16	4	6	26	27	28	35	36	24	34
第216回	2017-06-09	9	14	22	24	25	36	37	8	28
第215回	2017-06-02	11	12	13	21	29	36	37	7	9
第214回	2017-05-26	2	6	9	12	31	36	37	3	22
第213回	2017-05-19	5	13	15	18	19	24	35	20	23
第212回	2017-05-12	4	6	10	19	20	24	29	1	27
第211回	2017-05-05	7	15	22	25	31	32	35	29	36
第210回	2017-04-28	2	4	6	11	15	19	36	23	34
第209回	2017-04-21	3	4	6	13	22	31	36	28	34
第208回	2017-04-14	4	13	16	18	22	26	33	27	29
第207回	2017-04-07	4	5	10	13	28	32	33	19	26
第206回	2017-03-31	1	6	7	11	27	35	36	22	26
第205回	2017-03-24	4	5	19	31	35	36	37	27	32
第204回	2017-03-17	5	19	20	21	30	34	36	7	12
第203回	2017-03-10	6	13	17	22	32	33	36	12	28
第202回	2017-03-03	3	7	11	16	22	34	37	29	32
第201回	2017-02-24	8	11	17	24	28	31	32	12	34
第200回	2017-02-17	13	14	17	21	27	28	34	1	11
第199回	2017-02-10	1	9	17	20	22	28	29	13	16
第198回	2017-02-03	18	21	31	32	33	36	37	5	25
第197回	2017-01-27	6	8	10	12	16	21	28	14	23
第196回	2017-01-20	7	13	15	25	30	32	37	8	14
第195回	2017-01-13	4	7	12	20	23	24	31	26	35
第194回	2017-01-06	3	6	27	30	31	32	36	14	23
第193回	2016-12-30	4	6	20	21	22	24	31	9	10
第192回	2016-12-23	12	13	14	19	25	33	34	3	22
第191回	2016-12-16	8	15	21	24	26	27	29	7	30
第190回	2016-12-09	2	11	12	18	21	33	36	8	34
第189回	2016-12-02	3	7	8	10	18	23	35	1	19
第188回	2016-11-25	6	15	19	25	26	30	31	14	18
第187回	2016-11-18	4	6	10	23	24	32	36	15	31
第186回	2016-11-11	5	14	16	19	31	33	37	21	28
第185回	2016-11-04	1	2	4	16	26	29	34	11	12
第184回	2016-10-28	7	14	18	22	23	26	34	2	32
第183回	2016-10-21	6	15	20	26	33	34	37	19	29
第182回	2016-10-14	1	7	10	11	20	23	30	3	37
第181回	2016-10-07	7	8	10	13	19	23	24	15	27
第180回	2016-09-30	1	8	11	21	23	25	28	5	37
第179回	2016-09-23	4	9	12	13	22	26	36	5	33
第178回	2016-09-16	6	9	11	15	26	34	36	13	37
第177回	2016-09-09	9	15	19	23	25	34	36	2	35
第176回	2016-09-02	1	11	12	17	22	30	35	15	16
第175回	2016-08-26	6	17	21	31	33	35	37	14	18
第174回	2016-08-19	10	13	14	15	23	31	32	4	29
第173回	2016-08-12	7	9	19	22	24	27	30	4	28
第172回	2016-08-05	5	20	21	27	30	31	36	9	26
第171回	2016-07-29	1	2	6	21	23	27	28	11	16
第170回	2016-07-22	3	5	6	9	27	32	36	12	24
第169回	2016-07-15	1	5	10	20	21	28	30	25	26
第168回	2016-07-08	3	9	12	14	19	20	36	2	5
第167回	2016-07-01	1	3	5	7	10	26	36	19	37
第166回	2016-06-24	14	20	27	29	30	31	37	23	34
第165回	2016-06-17	9	11	14	15	16	18	27	6	20
第164回	2016-06-10	3	13	20	23	31	35	36	2	11
第163回	2016-06-03	1	2	6	16	28	30	31	3	7
第162回	2016-05-27	2	7	8	12	14	23	27	6	10
第161回	2016-05-20	8	14	17	18	20	22	34	4	30
第160回	2016-05-13	1	2	8	24	32	36	37	23	33
第159回	2016-05-06	10	14	17	21	23	27	31	16	24
第158回	2016-04-29	3	6	7	30	32	36	37	5	20
第157回	2016-04-22	5	9	16	26	28	29	32	1	37
第156回	2016-04-15	4	9	16	19	22	33	34	17	36
第155回	2016-04-08	2	9	13	18	22	24	26	10	37
第154回	2016-04-01	2	4	19	21	24	28	35	3	13
第153回	2016-03-25	7	9	10	16	20	28	37	2	33
第152回	2016-03-18	8	12	17	21	23	24	31	6	7
第151回	2016-03-11	9	10	13	15	21	22	24	4	8
第150回	2016-03-04	6	7	14	20	27	31	34	11	24
第149回	2016-02-26	1	4	15	19	22	23	31	12	32
第148回	2016-02-19	1	9	11	16	20	30	34	12	33
第147回	2016-02-12	1	5	7	12	15	24	25	8	14
第146回	2016-02-05	4	10	25	27	28	33	34	15	35
第145回	2016-01-29	10	12	18	28	29	30	35	4	19
第144回	2016-01-22	2	9	13	18	22	32	36	17	26
第143回	2016-01-15	1	3	8	14	28	29	33	4	31
第142回	2016-01-08	6	12	14	18	21	27	28	1	33
第141回	2015-12-25	2	10	18	30	31	32	36	21	29
第140回	2015-12-18	3	11	12	13	17	26	35	1	33
第139回	2015-12-11	9	16	18	21	23	34	35	4	36
第138回	2015-12-04	2	5	17	20	21	32	33	30	35
第137回	2015-11-27	13	19	21	25	27	32	35	16	20
第136回	2015-11-20	10	17	24	27	30	33	37	18	31
第135回	2015-11-13	8	9	13	14	24	32	34	3	4
第134回	2015-11-06	4	9	20	28	30	34	35	12	29
第133回	2015-10-30	3	7	13	15	17	21	30	14	27
第132回	2015-10-23	7	10	14	16	20	30	31	35	37
第131回	2015-10-16	3	4	12	17	32	34	36	23	31
第130回	2015-10-09	1	15	20	23	25	31	32	5	24
第129回	2015-10-02	5	7	11	19	24	27	30	29	35
第128回	2015-09-25	2	4	8	23	26	27	32	3	35
第127回	2015-09-18	10	12	15	23	28	30	35	6	25
第126回	2015-09-11	4	10	13	16	17	21	27	1	18
第125回	2015-09-04	1	6	11	14	19	28	35	18	21
第124回	2015-08-28	1	2	15	17	18	22	36	6	27
第123回	2015-08-21	1	3	5	8	29	34	36	23	28
第122回	2015-08-14	2	16	18	26	27	34	35	5	12
第121回	2015-08-07	2	4	13	16	21	30	37	19	29
第120回	2015-07-31	2	16	18	26	32	35	37	9	36
第119回	2015-07-24	3	6	8	14	15	25	36	24	35
第118回	2015-07-17	5	8	9	24	27	28	30	16	20
第117回	2015-07-10	9	10	20	28	31	34	37	23	26
第116回	2015-07-03	9	14	23	27	28	31	32	3	20
第115回	2015-06-26	6	8	13	14	20	25	27	24	26
第114回	2015-06-19	8	13	26	27	28	29	37	4	12
第113回	2015-06-12	4	6	7	9	15	17	37	14	20
第112回	2015-06-05	6	7	10	15	27	35	36	13	20
第111回	2015-05-29	7	8	9	24	28	30	33	1	34
第110回	2015-05-22	4	12	22	30	31	35	36	19	37
第109回	2015-05-15	6	17	20	21	24	30	32	7	23
第108回	2015-05-08	2	6	7	8	28	30	36	18	21
第107回	2015-05-01	3	8	9	13	17	27	33	29	31
第106回	2015-04-24	6	10	12	19	21	22	30	1	11
第105回	2015-04-17	3	15	19	20	26	28	33	17	21
第104回	2015-04-10	7	9	11	15	16	22	37	12	13
第103回	2015-04-03	2	3	11	12	22	35	36	30	34
第102回	2015-03-27	1	4	8	27	28	29	31	13	25
第101回	2015-03-20	11	12	21	23	28	36	37	3	16
第100回	2015-03-13	1	2	11	16	25	35	36	9	14
第99回	2015-03-06	13	17	22	24	27	28	35	11	19
第98回	2015-02-27	3	9	11	13	19	25	33	10	30
第97回	2015-02-20	7	13	14	16	22	24	35	1	29
第96回	2015-02-13	9	11	14	21	22	23	24	10	36
第95回	2015-02-06	1	8	13	14	18	30	34	26	36
第94回	2015-01-30	13	19	20	27	28	29	30	26	36
第93回	2015-01-23	2	5	11	14	17	30	32	31	37
第92回	2015-01-16	4	5	15	25	26	29	32	11	27
第91回	2015-01-09	1	5	7	14	15	25	35	18	24
第90回	2014-12-26	2	8	9	13	14	18	37	11	25
第89回	2014-12-19	1	3	11	26	28	34	36	17	20
第88回	2014-12-12	3	4	10	14	25	29	30	18	19
第87回	2014-12-05	8	9	12	18	20	28	31	13	15
第86回	2014-11-28	3	10	20	21	22	26	30	24	35
第85回	2014-11-21	6	7	10	11	22	26	35	14	23
第84回	2014-11-14	8	16	23	28	29	35	36	12	37
第83回	2014-11-07	1	11	21	26	28	32	35	18	22
第82回	2014-10-31	1	3	16	20	25	27	34	18	37
第81回	2014-10-24	1	3	10	18	28	31	35	9	21
第80回	2014-10-17	2	5	10	18	21	24	27	25	34
第79回	2014-10-10	2	4	7	9	21	29	37	6	36
第78回	2014-10-03	5	6	10	14	24	28	36	7	20
第77回	2014-09-26	3	10	23	25	26	28	30	15	29
第76回	2014-09-19	4	13	18	29	32	34	36	24	33
第75回	2014-09-12	4	9	15	17	19	35	37	10	20
第74回	2014-09-05	5	13	14	15	16	24	31	9	11
第73回	2014-08-29	12	16	23	25	27	30	32	28	33
第72回	2014-08-22	11	12	18	19	20	31	32	9	21
第71回	2014-08-15	1	6	13	29	34	35	37	2	15
第70回	2014-08-08	9	10	18	21	27	33	35	4	11
第69回	2014-08-01	13	17	20	22	28	29	37	11	12
第68回	2014-07-25	2	7	13	15	24	34	35	12	23
第67回	2014-07-18	7	11	15	17	18	25	35	6	33
第66回	2014-07-11	1	11	25	28	31	33	37	3	20
第65回	2014-07-04	4	7	12	22	23	24	28	25	34
第64回	2014-06-27	4	15	16	17	20	29	36	19	26
第63回	2014-06-20	4	8	19	24	28	30	32	12	37
第62回	2014-06-13	4	10	12	15	27	32	33	9	16
第61回	2014-06-06	5	10	11	21	28	31	37	13	14
第60回	2014-05-30	3	7	9	15	16	23	34	5	33
第59回	2014-05-23	5	8	12	13	21	30	35	27	34
第58回	2014-05-16	1	6	7	8	23	32	33	11	34
第57回	2014-05-09	5	6	12	16	17	20	33	8	32
第56回	2014-05-02	4	23	26	27	28	32	36	29	30
第55回	2014-04-25	4	12	14	17	23	30	36	13	33
第54回	2014-04-18	1	3	5	10	18	22	23	7	35
第53回	2014-04-11	1	4	14	16	20	33	36	12	30
第52回	2014-04-04	8	10	22	24	26	32	34	5	9
第51回	2014-03-28	1	4	5	8	20	23	35	15	33
第50回	2014-03-21	3	4	7	8	15	24	29	11	16
第49回	2014-03-14	8	11	12	17	24	26	27	14	21
第48回	2014-03-07	3	5	24	26	29	30	34	8	35
第47回	2014-02-28	2	9	11	14	20	21	36	6	15
第46回	2014-02-21	2	5	6	15	23	27	30	4	35
第45回	2014-02-14	1	2	9	18	21	27	33	25	31
第44回	2014-02-07	3	4	6	15	27	28	29	1	14
第43回	2014-01-31	4	6	7	8	24	31	37	5	13
第42回	2014-01-24	2	15	16	17	23	31	33	8	26
第41回	2014-01-17	2	3	8	15	34	35	36	25	28
第40回	2014-01-10	2	6	11	23	26	31	34	7	20
第39回	2013-12-27	7	13	19	23	25	26	30	1	18
第38回	2013-12-20	4	14	19	22	24	29	34	8	31
第37回	2013-12-13	7	8	10	13	14	19	37	29	33
第36回	2013-12-06	5	6	10	11	20	28	36	25	37
第35回	2013-11-29	1	16	18	19	25	30	34	26	36
第34回	2013-11-22	4	6	7	23	24	32	35	8	27
第33回	2013-11-15	1	4	17	24	29	33	36	19	30
第32回	2013-11-08	3	8	15	18	27	29	37	31	34
第31回	2013-11-01	9	12	13	19	23	33	34	20	32
第30回	2013-10-25	6	8	13	22	26	32	36	16	34
第29回	2013-10-18	2	3	16	17	24	26	28	15	31
第28回	2013-10-11	6	7	12	15	19	35	37	1	11
第27回	2013-10-04	1	10	11	14	17	18	28	25	26
第26回	2013-09-27	11	13	16	18	26	31	36	21	27
第25回	2013-09-20	1	6	11	16	17	18	21	10	24
第24回	2013-09-13	4	5	8	10	16	19	33	2	29
第23回	2013-09-06	4	8	11	25	28	29	30	14	32
第22回	2013-08-30	2	4	8	9	15	23	25	3	10
第21回	2013-08-23	1	9	13	15	25	30	33	19	28
第20回	2013-08-16	2	5	13	20	21	23	28	11	22
第19回	2013-08-09	2	14	19	20	21	22	31	1	15
第18回	2013-08-02	12	17	21	24	29	31	36	20	26
第17回	2013-07-26	2	3	5	22	34	36	37	7	15
第16回	2013-07-19	5	6	9	13	16	21	23	8	34
第15回	2013-07-12	2	10	14	17	23	25	35	8	29
第14回	2013-07-05	4	7	8	9	24	28	30	34	36
第13回	2013-06-28	6	10	16	21	27	28	35	15	34
第12回	2013-06-21	11	12	14	19	26	27	33	24	32
第11回	2013-06-14	9	15	26	29	32	34	36	14	35
第10回	2013-06-07	1	2	3	6	24	28	30	16	20
第9回	2013-05-31	3	4	15	23	27	30	36	13	35
第8回	2013-05-24	2	21	28	29	30	32	36	6	8
第7回	2013-05-17	1	3	5	7	27	29	33	6	15
第6回	2013-05-10	5	15	19	23	30	34	35	6	25
第5回	2013-05-03	1	3	4	5	16	21	28	22	31
第4回	2013-04-26	12	13	22	23	24	28	29	2	14
第3回	2013-04-19	2	7	8	11	14	23	31	5	15
第2回	2013-04-12	20	24	29	31	33	34	35	12	32
第1回	2013-04-05	7	10	12	17	23	28	34	3	15